Vivian	210001	72	98	77	79	68	21/10/2002
Nancy	210002	83	61	74	83	89	7/8/2003	
Wilson	210003	98	95	82	72	90	27/2/2003
James	210004	94	60	66	72	69	8/3/2004
Bruce	210005	83	62	86	72	74	28/10/2002
Taylor	210006	76	91	63	94	68	2/3/2002
Kelly	210007	67	93	71	75	97	21/11/2002
Lane	210008	72	95	66	63	63	19/9/2002
Terry	210009	65	86	100	70	81	26/10/2002
Tina	210010	84	81	64	61	100	15/8/2002
Alexis	210011	63	77	76	60	96	20/9/2004
Benny	210012	78	84	96	72	99	24/4/2002
Kylie	210013	86	83	60	73	90	21/6/2004
Merry	210014	79	90	86	90	66	12/11/2003
Addison	210015	86	64	70	87	61	11/2/2003
Rachel	210016	87	88	97	100	75	5/3/2002
Yilia	210017	68	69	97	78	63	20/2/2002
Carl	210018	90	62	96	71	81	24/11/2004
Emma	210019	71	81	61	68	70	25/4/2002
Lora	210020	81	87	74	67	83	1/12/2004
Fred	210021	70	67	80	63	83	27/2/2004
Cleo	210022	99	80	97	98	91	5/7/2002
Crystal	210023	65	63	64	64	100	7/3/2002
Bahar	210024	83	61	76	92	69	14/12/2004
Paul	210025	95	82	66	70	73	27/7/2004
Solomon	210026	91	100	67	87	86	12/8/2002
Joyce	210027	62	62	76	70	71	20/1/2004
Aidan	210028	62	77	74	77	67	21/1/2002
Karen	210029	74	78	98	90	84	16/10/2002
